21

C          -0.3863036389        0.4636311510        0.5744468349
C           0.9449059199        0.4273948732        0.5404252440
C           1.8349685548       -0.4813600251        1.3708635857
C           2.6762946031        0.4137049513        2.4128332452
C           2.8469802128       -1.2389601859        0.4655325534
N           1.0356277926       -1.4459492740        2.1639838254
H           3.1382492618       -0.3075046179        3.1379751031
C           1.7876619026        1.4065398558        3.2242510205
O           3.6747639866        1.1562498436        1.7707033695
H          -0.9688916785       -0.1829028206        1.2220413557
H          -0.9388490295        1.1596412410       -0.0457830716
H           1.4824939145        1.1122771056       -0.1162569952
H           4.3249810575        0.5634506038        1.3608703182
O           2.0758564702        2.5738204273        3.3875464795
O           0.6824695465        0.8533101505        3.7972373506
H           0.5383495023       -0.0590801056        3.4711484428
H           1.6505232405       -2.1329322798        2.6027136531
H           0.3975041530       -1.9586517884        1.5545393122
N           3.5385554874       -0.7452575172       -0.4864262877
H           2.9942365196       -2.3051032858        0.7241699200
H           3.3390922456        0.2505016945       -0.6631052894
