50

N      -1.313 -18.798  -2.191
H      -1.946 -19.290  -2.802
C       0.019 -19.408  -2.188
H       0.137 -19.908  -1.208
C       0.196 -20.473  -3.271
H      -0.192 -20.041  -4.158
O      -0.677 -21.604  -3.090
H      -1.541 -21.174  -3.214
C       1.616 -21.065  -3.392
H       2.018 -21.332  -2.414
H       1.688 -21.945  -4.112
H       2.330 -20.311  -3.836
C       1.262 -18.406  -2.188
O       2.244 -18.619  -1.479
N       1.123 -17.331  -3.054
H       0.346 -17.377  -3.643
C       2.103 -16.261  -3.198
H       3.057 -16.712  -3.045
C       2.108 -15.493  -4.569
H       3.078 -15.049  -4.682
H       1.960 -16.129  -5.372
N      -0.049 -14.627  -5.262
C       1.172 -14.380  -4.738
C      -0.698 -13.496  -5.363
H      -1.735 -13.348  -5.705
N       0.105 -12.500  -4.902
H      -0.193 -11.608  -4.670
C       1.297 -13.078  -4.558
H       2.203 -12.480  -4.355
C       2.003 -15.262  -2.066
O       2.947 -14.481  -1.864
N       0.897 -15.253  -1.302
H       0.179 -15.945  -1.402
C       0.647 -14.261  -0.282
H       1.323 -13.425  -0.411
C      -0.821 -13.751  -0.325
H      -1.498 -14.631  -0.343
H      -1.055 -13.171   0.591
C      -1.138 -12.837  -1.533
H      -0.755 -13.340  -2.451
C      -2.656 -12.646  -1.725
H      -2.852 -12.002  -2.610
H      -3.161 -13.619  -1.892
H      -3.111 -12.160  -0.838
C      -0.439 -11.468  -1.411
H       0.666 -11.581  -1.401
H      -0.705 -10.815  -2.268
H      -0.749 -10.952  -0.477
C       0.924 -14.856   1.076
O       0.702 -14.206   2.099
